# map4

block 2.100000 0.000000 2.100000 2.900000 5.000000 6.000000 255.000000 0.000000 0.000000
block 6.100000 0.000000 2.100000 6.900000 5.000000 6.000000 255.000000 0.000000 0.000000
block 10.100000 0.000000 2.100000 10.900000 5.000000 6.000000 255.000000 0.000000 0.000000
boundary 0.000000 0.000000 0.000000 20.000000 5.000000 6.000000
block 4.100000 0.000000 0.000000 4.900000 5.000000 3.900000 255.000000 0.000000 0.000000
block 8.100000 0.000000 0.000000 8.900000 5.000000 3.900000 255.000000 0.000000 0.000000
block 12.100000 0.000000 0.000000 12.900000 5.000000 3.900000 255.000000 0.000000 0.000000
block 14.100000 0.000000 4.800000 14.900000 5.000000 6.000000 255.000000 0.000000 0.000000
