# map5

block 3.100000 2.100000 0.000000 3.900000 6.000000 5.000000 255.000000 0.000000 0.000000
block 9.100000 2.100000 0.000000 9.900000 6.000000 5.000000 255.000000 0.000000 0.000000
block 15.100000 2.100000 0.000000 15.900000 6.000000 5.000000 255.000000 0.000000 0.000000
block 21.100000 2.100000 0.000000 21.900000 6.000000 5.000000 255.000000 0.000000 0.000000
block 27.100000 2.100000 0.000000 27.900000 6.000000 5.000000 255.000000 0.000000 0.000000
block 33.100000 2.100000 0.000000 33.900000 6.000000 5.000000 255.000000 0.000000 0.000000
boundary 0.000000 0.000000 0.000000 40.000000 6.000000 5.000000
block 6.100000 0.000000 0.000000 6.900000 3.900000 5.000000 255.000000 0.000000 0.000000
block 12.100000 0.000000 0.000000 12.900000 3.900000 5.000000 255.000000 0.000000 0.000000
block 18.100000 0.000000 0.000000 18.900000 3.900000 5.000000 255.000000 0.000000 0.000000
block 24.100000 0.000000 0.000000 24.900000 3.900000 5.000000 255.000000 0.000000 0.000000
block 30.100000 0.000000 0.000000 30.900000 3.900000 5.000000 255.000000 0.000000 0.000000
block 36.100000 0.000000 0.000000 36.900000 3.900000 5.000000 255.000000 0.000000 0.000000