# random generated tree map

boundary 0.00 -5.00 0.00 10.00 20.00 6.00 

block  8.3  18.1  0.0  8.9  18.6  6.0  255.0  0.0  0.0
block  7.8  13.9  0.0  9.3  15.4  6.0  255.0  0.0  0.0
block  1.3  4.5  0.0  2.3  5.5  6.0  255.0  0.0  0.0
block  -0.0  18.2  0.0  0.6  18.8  6.0  255.0  0.0  0.0
block  2.6  2.9  0.0  3.4  3.7  6.0  255.0  0.0  0.0
block  6.0  -4.9  0.0  7.0  -3.9  6.0  255.0  0.0  0.0
block  4.9  15.7  0.0  6.3  17.0  6.0  255.0  0.0  0.0
block  4.0  -4.1  0.0  4.9  -3.2  6.0  255.0  0.0  0.0
block  6.3  2.9  0.0  7.0  3.6  6.0  255.0  0.0  0.0
block  0.5  19.0  0.0  1.9  20.4  6.0  255.0  0.0  0.0
block  6.5  19.5  0.0  7.6  20.5  6.0  255.0  0.0  0.0
block  3.8  6.2  0.0  4.5  7.0  6.0  255.0  0.0  0.0
block  7.6  -3.1  0.0  8.8  -1.9  6.0  255.0  0.0  0.0
block  3.3  -3.9  0.0  3.9  -3.2  6.0  255.0  0.0  0.0
block  2.8  -1.1  0.0  3.9  -0.1  6.0  255.0  0.0  0.0
block  8.7  11.5  0.0  9.4  12.2  6.0  255.0  0.0  0.0
block  8.6  -2.9  0.0  9.6  -1.9  6.0  255.0  0.0  0.0
block  6.7  8.4  0.0  8.0  9.7  6.0  255.0  0.0  0.0
block  5.6  2.2  0.0  6.3  2.8  6.0  255.0  0.0  0.0
block  1.8  17.1  0.0  2.4  17.7  6.0  255.0  0.0  0.0
block  2.1  -3.9  0.0  2.7  -3.4  6.0  255.0  0.0  0.0
block  -0.3  17.0  0.0  0.6  17.9  6.0  255.0  0.0  0.0
block  0.6  2.3  0.0  1.3  3.0  6.0  255.0  0.0  0.0
block  0.5  19.4  0.0  1.5  20.4  6.0  255.0  0.0  0.0
block  2.6  -3.9  0.0  3.4  -3.0  6.0  255.0  0.0  0.0
block  0.1  7.2  0.0  0.9  8.0  6.0  255.0  0.0  0.0
block  5.7  -3.4  0.0  6.9  -2.1  6.0  255.0  0.0  0.0
block  7.5  17.3  0.0  8.1  17.9  6.0  255.0  0.0  0.0
block  0.6  15.1  0.0  1.6  16.2  6.0  255.0  0.0  0.0
block  2.5  13.2  0.0  3.4  14.1  6.0  255.0  0.0  0.0
block  0.2  11.4  0.0  0.7  12.0  6.0  255.0  0.0  0.0
block  4.7  12.7  0.0  5.8  13.8  6.0  255.0  0.0  0.0
block  7.2  1.6  0.0  8.4  2.8  6.0  255.0  0.0  0.0
block  5.0  4.3  0.0  6.2  5.5  6.0  255.0  0.0  0.0
block  7.5  3.2  0.0  8.1  3.7  6.0  255.0  0.0  0.0
block  6.9  -2.9  0.0  8.0  -1.8  6.0  255.0  0.0  0.0
block  5.2  6.8  0.0  5.8  7.4  6.0  255.0  0.0  0.0
block  7.3  12.7  0.0  8.7  14.1  6.0  255.0  0.0  0.0
block  0.5  -3.1  0.0  1.0  -2.5  6.0  255.0  0.0  0.0
block  8.8  11.4  0.0  10.1  12.7  6.0  255.0  0.0  0.0
